0 0.580469 0.322222 0.570312 0.323611 0.567969 0.331944 0.566406 0.348611 0.563281 0.363889 0.564062 0.379167 0.575781 0.391667 0.579687 0.386111 0.583594 0.372222 0.587500 0.341667 0.587500 0.327778 0.585938 0.325000
0 0.507812 0.412500 0.505469 0.422222 0.503906 0.451389 0.504687 0.459722 0.516406 0.463889 0.524219 0.462500 0.527344 0.434722 0.526563 0.415278 0.521875 0.411111
0 0.482031 0.350000 0.482031 0.395833 0.484375 0.398611 0.500000 0.398611 0.502344 0.394444 0.502344 0.369444 0.500781 0.354167 0.498437 0.350000
0 0.428906 0.333333 0.427344 0.336111 0.427344 0.370833 0.428906 0.377778 0.431250 0.380556 0.447656 0.377778 0.450000 0.373611 0.450000 0.354167 0.448438 0.336111 0.444531 0.331944
0 0.446875 0.393056 0.433594 0.393056 0.427344 0.398611 0.427344 0.415278 0.429688 0.437500 0.431250 0.444444 0.434375 0.447222 0.450781 0.441667 0.453125 0.436111 0.452344 0.413889
0 0.352344 0.315278 0.350781 0.320833 0.350781 0.333333 0.353125 0.355556 0.355469 0.358333 0.372656 0.356944 0.375000 0.347222 0.370313 0.315278
0 0.288281 0.326389 0.287500 0.330556 0.292969 0.363889 0.295312 0.368056 0.300781 0.369444 0.314063 0.362500 0.314063 0.343056 0.310937 0.329167 0.306250 0.319444 0.298438 0.318056 0.290625 0.322222
0 0.286719 0.405556 0.278906 0.412500 0.271094 0.427778 0.275000 0.448611 0.278125 0.458333 0.292188 0.465278 0.298438 0.461111 0.304688 0.451389 0.306250 0.445833 0.301562 0.419444 0.298438 0.413889
0 0.336719 0.411111 0.327344 0.431944 0.327344 0.440278 0.329688 0.454167 0.334375 0.462500 0.341406 0.466667 0.350000 0.466667 0.354688 0.459722 0.359375 0.447222 0.356250 0.420833 0.353906 0.416667 0.347656 0.412500
0 0.345313 0.486111 0.334375 0.504167 0.332812 0.509722 0.335156 0.530556 0.339844 0.540278 0.352344 0.550000 0.359375 0.550000 0.364062 0.544444 0.368750 0.523611 0.365625 0.501389 0.363281 0.495833 0.349219 0.484722
0 0.415625 0.497222 0.411719 0.497222 0.397656 0.509722 0.395312 0.516667 0.396875 0.537500 0.403906 0.562500 0.410156 0.565278 0.414844 0.563889 0.421875 0.556944 0.427344 0.548611 0.428125 0.544444 0.427344 0.526389 0.423438 0.511111
0 0.482812 0.470833 0.468750 0.475000 0.463281 0.480556 0.463281 0.504167 0.466406 0.519444 0.470313 0.529167 0.474219 0.530556 0.488281 0.523611 0.490625 0.520833 0.492188 0.515278 0.492188 0.498611 0.490625 0.488889 0.485938 0.473611
0 0.560938 0.468056 0.549219 0.477778 0.546094 0.483333 0.543750 0.495833 0.544531 0.511111 0.555469 0.529167 0.560938 0.529167 0.571094 0.518056 0.574219 0.509722 0.575781 0.498611 0.575000 0.486111 0.564844 0.470833
0 0.631250 0.466667 0.618750 0.466667 0.614844 0.469444 0.611719 0.476389 0.609375 0.490278 0.609375 0.502778 0.618750 0.520833 0.622656 0.522222 0.635156 0.513889 0.639844 0.502778 0.642187 0.488889 0.641406 0.480556 0.639063 0.475000
0 0.606250 0.583333 0.593750 0.608333 0.591406 0.619444 0.590625 0.636111 0.591406 0.640278 0.599219 0.651389 0.603906 0.655556 0.610937 0.655556 0.618750 0.643056 0.626562 0.615278 0.627344 0.602778 0.625781 0.598611 0.609375 0.583333
0 0.696094 0.662500 0.692187 0.662500 0.678125 0.681944 0.668750 0.705556 0.668750 0.725000 0.678125 0.740278 0.685156 0.743056 0.691406 0.738889 0.705469 0.716667 0.713281 0.695833 0.713281 0.688889
0 0.571875 0.679167 0.569531 0.679167 0.560938 0.688889 0.552344 0.705556 0.550000 0.718056 0.548437 0.743056 0.553125 0.754167 0.560156 0.761111 0.567969 0.759722 0.577344 0.748611 0.583594 0.736111 0.587500 0.720833 0.587500 0.704167 0.579687 0.688889
0 0.485938 0.568056 0.482031 0.573611 0.476562 0.593056 0.475000 0.602778 0.475000 0.620833 0.476562 0.625000 0.492188 0.634722 0.498437 0.634722 0.502344 0.623611 0.505469 0.606944 0.506250 0.579167 0.500781 0.573611
0 0.454688 0.673611 0.451562 0.679167 0.443750 0.705556 0.445312 0.733333 0.446875 0.738889 0.450781 0.743056 0.462500 0.750000 0.467187 0.750000 0.472656 0.745833 0.477344 0.727778 0.478125 0.690278 0.473437 0.681944 0.462500 0.675000
0 0.423438 0.605556 0.419531 0.611111 0.412500 0.629167 0.411719 0.650000 0.415625 0.668056 0.419531 0.672222 0.427344 0.676389 0.437500 0.676389 0.442187 0.669444 0.442187 0.662500 0.446875 0.650000 0.445312 0.620833 0.442969 0.613889 0.435156 0.606944
0 0.328906 0.593056 0.326562 0.600000 0.325781 0.636111 0.330469 0.655556 0.333594 0.659722 0.352344 0.659722 0.358594 0.655556 0.360938 0.650000 0.361719 0.641667 0.360156 0.627778 0.353125 0.591667 0.341406 0.590278
0 0.257031 0.561111 0.247656 0.569444 0.237500 0.586111 0.243750 0.609722 0.247656 0.618056 0.262500 0.636111 0.266406 0.636111 0.275000 0.629167 0.279687 0.620833 0.280469 0.606944 0.273438 0.580556 0.264062 0.565278
0 0.228906 0.702778 0.222656 0.731944 0.221875 0.743056 0.224219 0.751389 0.232031 0.766667 0.257812 0.768056 0.267188 0.761111 0.269531 0.748611 0.269531 0.730556 0.258594 0.698611 0.255469 0.695833 0.237500 0.695833 0.233594 0.697222
0 0.330469 0.731944 0.325781 0.741667 0.317969 0.766667 0.317969 0.779167 0.321875 0.791667 0.325781 0.798611 0.339063 0.809722 0.350000 0.812500 0.360938 0.811111 0.364844 0.797222 0.364062 0.773611 0.360938 0.765278 0.356250 0.744444 0.352344 0.740278 0.337500 0.731944