0 0.501562 0.311111 0.492188 0.319444 0.489844 0.333333 0.489844 0.343056 0.492188 0.351389 0.497656 0.359722 0.507031 0.361111 0.513281 0.356944 0.516406 0.350000 0.517187 0.333333 0.514844 0.322222 0.512500 0.318056 0.505469 0.311111
0 0.420312 0.304167 0.418750 0.306944 0.417969 0.315278 0.419531 0.325000 0.419531 0.336111 0.421875 0.343056 0.426562 0.348611 0.439844 0.343056 0.442187 0.338889 0.442969 0.329167 0.442187 0.315278 0.439844 0.308333 0.435937 0.301389 0.425781 0.301389
0 0.417969 0.370833 0.415625 0.370833 0.403906 0.380556 0.401563 0.386111 0.401563 0.400000 0.403906 0.415278 0.411719 0.427778 0.417969 0.427778 0.428125 0.419444 0.430469 0.412500 0.428906 0.387500 0.421094 0.373611
0 0.464844 0.384722 0.461719 0.388889 0.455469 0.405556 0.456250 0.427778 0.457812 0.431944 0.468750 0.438889 0.475000 0.438889 0.479688 0.431944 0.483594 0.418056 0.482812 0.395833 0.481250 0.391667 0.470313 0.384722
0 0.540625 0.416667 0.534375 0.437500 0.532812 0.454167 0.533594 0.461111 0.535937 0.465278 0.546094 0.469444 0.548437 0.472222 0.552344 0.472222 0.554688 0.468056 0.558594 0.451389 0.560156 0.440278 0.560156 0.426389 0.556250 0.420833 0.548437 0.416667
0 0.547656 0.504167 0.545313 0.508333 0.543750 0.522222 0.543750 0.538889 0.546875 0.558333 0.567969 0.558333 0.571094 0.550000 0.572656 0.531944 0.567969 0.504167
0 0.607813 0.505556 0.606250 0.508333 0.601562 0.534722 0.600000 0.556944 0.601562 0.559722 0.611719 0.565278 0.620313 0.566667 0.623438 0.561111 0.626562 0.545833 0.628906 0.515278 0.623438 0.509722 0.619531 0.509722 0.613281 0.505556
0 0.617188 0.594444 0.610937 0.595833 0.605469 0.601389 0.598437 0.613889 0.595312 0.631944 0.596094 0.641667 0.603125 0.655556 0.608594 0.662500 0.614844 0.661111 0.626562 0.645833 0.631250 0.630556 0.632812 0.620833 0.632031 0.615278 0.626562 0.604167
0 0.599219 0.694444 0.592969 0.695833 0.588281 0.701389 0.578125 0.718056 0.575000 0.731944 0.573438 0.744444 0.574219 0.754167 0.577344 0.762500 0.585156 0.770833 0.591406 0.772222 0.597656 0.766667 0.611719 0.743056 0.615625 0.729167 0.615625 0.720833 0.605469 0.700000
0 0.564062 0.584722 0.553906 0.583333 0.542969 0.584722 0.540625 0.587500 0.539062 0.601389 0.539062 0.626389 0.540625 0.643056 0.543750 0.648611 0.561719 0.648611 0.564062 0.647222 0.566406 0.641667 0.567969 0.629167 0.567969 0.605556
0 0.513281 0.716667 0.507031 0.738889 0.503906 0.763889 0.503906 0.775000 0.505469 0.780556 0.512500 0.790278 0.525781 0.794444 0.528906 0.791667 0.532812 0.775000 0.537500 0.740278 0.537500 0.730556 0.534375 0.725000 0.524219 0.718056
0 0.476562 0.581944 0.466406 0.594444 0.460938 0.604167 0.460156 0.625000 0.461719 0.631944 0.472656 0.650000 0.480469 0.651389 0.485156 0.648611 0.492969 0.634722 0.495313 0.623611 0.495313 0.611111 0.493750 0.602778 0.488281 0.593056 0.480469 0.583333
0 0.445312 0.444444 0.439844 0.450000 0.432813 0.462500 0.431250 0.475000 0.432031 0.486111 0.435937 0.495833 0.446094 0.504167 0.452344 0.504167 0.455469 0.500000 0.462500 0.483333 0.462500 0.461111 0.460156 0.454167 0.450000 0.445833
0 0.381250 0.468056 0.375781 0.468056 0.361719 0.481944 0.360938 0.487500 0.362500 0.504167 0.364844 0.513889 0.372656 0.530556 0.375781 0.531944 0.382812 0.529167 0.392188 0.519444 0.394531 0.509722 0.392188 0.488889
0 0.364844 0.398611 0.350781 0.398611 0.344531 0.402778 0.344531 0.431944 0.348437 0.451389 0.358594 0.451389 0.368750 0.447222 0.368750 0.423611
0 0.295312 0.376389 0.292188 0.394444 0.292188 0.401389 0.293750 0.412500 0.297656 0.425000 0.314844 0.425000 0.321094 0.419444 0.321094 0.398611 0.318750 0.391667 0.317969 0.383333 0.314063 0.373611
0 0.292188 0.468056 0.286719 0.493056 0.287500 0.502778 0.290625 0.516667 0.293750 0.522222 0.298438 0.523611 0.310156 0.523611 0.315625 0.520833 0.318750 0.515278 0.319531 0.494444 0.314844 0.469444 0.312500 0.466667
0 0.302344 0.588889 0.282813 0.601389 0.279687 0.605556 0.281250 0.620833 0.291406 0.659722 0.294531 0.665278 0.298438 0.668056 0.306250 0.668056 0.313281 0.661111 0.317187 0.659722 0.318750 0.655556 0.314844 0.625000 0.305469 0.593056
0 0.251563 0.581944 0.232031 0.590278 0.226562 0.598611 0.225781 0.615278 0.227344 0.630556 0.232812 0.645833 0.238281 0.654167 0.243750 0.655556 0.259375 0.648611 0.261719 0.644444 0.264062 0.634722 0.262500 0.627778 0.261719 0.609722 0.255469 0.587500
0 0.228906 0.772222 0.208594 0.808333 0.207813 0.816667 0.216406 0.833333 0.239844 0.861111 0.244531 0.861111 0.251563 0.856944 0.263281 0.834722 0.264062 0.822222 0.255469 0.800000 0.250781 0.791667 0.233594 0.772222
0 0.313281 0.837500 0.289062 0.863889 0.288281 0.872222 0.291406 0.887500 0.298438 0.912500 0.307813 0.930556 0.311719 0.933333 0.316406 0.933333 0.331250 0.920833 0.335938 0.912500 0.338281 0.904167 0.338281 0.891667 0.332812 0.870833 0.317969 0.837500
0 0.373437 0.588889 0.370313 0.600000 0.367188 0.619444 0.369531 0.641667 0.374219 0.650000 0.383594 0.652778 0.396875 0.652778 0.403906 0.648611 0.404687 0.631944 0.400000 0.609722 0.398438 0.593056 0.394531 0.588889 0.376563 0.586111
0 0.439063 0.719444 0.431250 0.734722 0.427344 0.747222 0.425000 0.763889 0.425781 0.775000 0.431250 0.786111 0.437500 0.794444 0.446094 0.801389 0.454688 0.801389 0.463281 0.787500 0.464844 0.781944 0.464063 0.762500 0.461719 0.744444 0.457812 0.736111 0.451562 0.727778 0.442969 0.719444
0 0.448438 0.843056 0.439063 0.850000 0.426562 0.863889 0.425000 0.868056 0.425000 0.875000 0.428125 0.891667 0.434375 0.913889 0.435937 0.925000 0.438281 0.933333 0.442969 0.936111 0.454688 0.933333 0.464844 0.918056 0.466406 0.909722 0.465625 0.884722 0.453906 0.850000