0 0.501562 0.311111 0.491406 0.320833 0.489844 0.340278 0.491406 0.348611 0.497656 0.359722 0.505469 0.361111 0.513281 0.356944 0.517187 0.350000 0.517187 0.333333 0.512500 0.318056 0.506250 0.311111
0 0.418750 0.306944 0.418750 0.331944 0.424219 0.347222 0.429688 0.348611 0.441406 0.341667 0.442969 0.331944 0.442187 0.315278 0.437500 0.302778 0.424219 0.301389
0 0.415625 0.370833 0.403906 0.380556 0.401563 0.387500 0.401563 0.397222 0.403906 0.413889 0.412500 0.427778 0.417188 0.427778 0.424219 0.423611 0.430469 0.415278 0.430469 0.398611 0.428906 0.387500 0.421875 0.375000
0 0.464844 0.384722 0.461719 0.388889 0.455469 0.405556 0.456250 0.427778 0.460938 0.434722 0.468750 0.438889 0.475000 0.438889 0.477344 0.436111 0.482812 0.420833 0.482812 0.395833 0.481250 0.391667 0.470313 0.384722
0 0.444531 0.444444 0.435156 0.456944 0.432813 0.462500 0.431250 0.475000 0.433594 0.491667 0.435937 0.495833 0.446875 0.504167 0.451562 0.504167 0.457812 0.494444 0.462500 0.481944 0.462500 0.461111 0.460156 0.454167 0.450000 0.445833
0 0.540625 0.416667 0.536719 0.426389 0.534375 0.437500 0.533594 0.461111 0.539844 0.468056 0.552344 0.472222 0.558594 0.450000 0.560156 0.436111 0.559375 0.425000 0.556250 0.420833 0.548437 0.416667
0 0.547656 0.504167 0.545313 0.508333 0.543750 0.523611 0.543750 0.537500 0.546094 0.556944 0.548437 0.559722 0.567969 0.558333 0.571094 0.551389 0.572656 0.537500 0.571875 0.522222 0.567969 0.504167
0 0.607813 0.505556 0.603125 0.523611 0.600000 0.545833 0.600000 0.558333 0.614844 0.566667 0.620313 0.566667 0.622656 0.563889 0.626562 0.545833 0.628906 0.515278 0.626562 0.511111 0.619531 0.509722 0.613281 0.505556
0 0.617188 0.593056 0.611719 0.594444 0.602344 0.605556 0.598437 0.613889 0.595312 0.627778 0.595312 0.641667 0.603125 0.656944 0.607813 0.662500 0.613281 0.662500 0.624219 0.648611 0.628125 0.641667 0.632812 0.620833 0.630469 0.611111
0 0.599219 0.693056 0.595312 0.693056 0.582031 0.709722 0.577344 0.719444 0.574219 0.736111 0.573438 0.747222 0.575781 0.756944 0.583594 0.768056 0.589844 0.772222 0.595312 0.769444 0.608594 0.750000 0.613281 0.738889 0.615625 0.729167 0.614844 0.718056 0.603906 0.697222
0 0.542188 0.584722 0.540625 0.587500 0.539062 0.600000 0.539062 0.627778 0.540625 0.643056 0.544531 0.648611 0.552344 0.650000 0.564062 0.647222 0.566406 0.641667 0.568750 0.620833 0.567969 0.605556 0.564844 0.586111 0.557031 0.583333
0 0.513281 0.716667 0.509375 0.727778 0.504687 0.751389 0.503125 0.772222 0.503906 0.779167 0.510938 0.791667 0.515625 0.794444 0.525781 0.794444 0.530469 0.787500 0.532812 0.776389 0.537500 0.743056 0.537500 0.730556 0.535937 0.726389 0.525000 0.718056
0 0.477344 0.581944 0.467187 0.593056 0.460938 0.604167 0.460156 0.623611 0.462500 0.633333 0.468750 0.644444 0.474219 0.651389 0.479688 0.652778 0.487500 0.645833 0.492188 0.636111 0.494531 0.627778 0.495313 0.613889 0.493750 0.602778 0.485156 0.588889
0 0.439063 0.719444 0.430469 0.736111 0.425000 0.752778 0.425000 0.772222 0.428125 0.781944 0.440625 0.797222 0.446094 0.801389 0.454688 0.801389 0.457812 0.795833 0.463281 0.779167 0.462500 0.745833 0.458594 0.736111 0.443750 0.719444
0 0.449219 0.843056 0.446875 0.843056 0.432031 0.856944 0.426562 0.863889 0.424219 0.870833 0.428906 0.897222 0.433594 0.911111 0.437500 0.930556 0.441406 0.934722 0.454688 0.931944 0.463281 0.919444 0.467187 0.898611 0.466406 0.888889 0.461719 0.869444 0.452344 0.847222
0 0.375000 0.587500 0.369531 0.602778 0.367188 0.616667 0.367188 0.625000 0.371094 0.645833 0.374219 0.650000 0.383594 0.652778 0.395312 0.652778 0.401563 0.648611 0.403906 0.643056 0.403906 0.630556 0.400000 0.609722 0.398438 0.593056 0.396875 0.590278 0.386719 0.586111
0 0.381250 0.468056 0.375781 0.468056 0.363281 0.480556 0.360938 0.487500 0.362500 0.504167 0.364844 0.513889 0.371875 0.529167 0.375000 0.531944 0.378125 0.531944 0.391406 0.519444 0.393750 0.513889 0.392188 0.488889
0 0.364844 0.398611 0.350781 0.398611 0.344531 0.402778 0.344531 0.431944 0.346875 0.445833 0.349219 0.451389 0.363281 0.450000 0.368750 0.445833 0.369531 0.431944
0 0.314063 0.373611 0.297656 0.375000 0.294531 0.377778 0.293750 0.387500 0.292188 0.391667 0.292188 0.404167 0.293750 0.413889 0.298438 0.426389 0.310156 0.426389 0.317187 0.423611 0.318750 0.420833 0.320312 0.413889 0.320312 0.398611 0.317187 0.380556
0 0.292188 0.468056 0.286719 0.493056 0.287500 0.502778 0.291406 0.518056 0.294531 0.522222 0.298438 0.523611 0.308594 0.523611 0.315625 0.520833 0.318750 0.512500 0.319531 0.494444 0.314844 0.469444 0.312500 0.466667
0 0.302344 0.588889 0.282813 0.601389 0.279687 0.605556 0.282031 0.623611 0.290625 0.656944 0.294531 0.665278 0.298438 0.668056 0.306250 0.666667 0.317969 0.656944 0.317969 0.644444 0.314063 0.622222 0.307813 0.604167 0.305469 0.593056
0 0.251563 0.581944 0.235938 0.587500 0.228125 0.593056 0.226562 0.597222 0.226562 0.626389 0.231250 0.641667 0.235156 0.650000 0.239063 0.654167 0.258594 0.648611 0.262500 0.641667 0.263281 0.633333 0.260938 0.606944 0.255469 0.588889
0 0.231250 0.770833 0.227344 0.773611 0.208594 0.808333 0.207813 0.815278 0.216406 0.833333 0.228906 0.850000 0.239063 0.859722 0.245312 0.859722 0.249219 0.855556 0.251563 0.855556 0.256250 0.848611 0.262500 0.833333 0.263281 0.822222 0.259375 0.809722 0.251563 0.793056
0 0.317969 0.837500 0.313281 0.837500 0.307031 0.843056 0.291406 0.861111 0.288281 0.869444 0.291406 0.887500 0.298438 0.912500 0.307031 0.929167 0.310156 0.931944 0.317969 0.929167 0.328906 0.919444 0.335156 0.909722 0.337500 0.898611 0.337500 0.891667 0.332812 0.873611