0 0.575391 0.355556 0.024219 0.066667
0 0.515625 0.437500 0.023438 0.052778
0 0.491406 0.374306 0.021875 0.048611
0 0.438281 0.355556 0.021875 0.047222
0 0.440234 0.419444 0.025781 0.055556
0 0.362891 0.335417 0.024219 0.045833
0 0.301953 0.343750 0.028906 0.051389
0 0.288672 0.436111 0.035156 0.058333
0 0.343359 0.438889 0.032031 0.055556
0 0.350781 0.517361 0.035937 0.065278
0 0.411719 0.531250 0.032813 0.068056
0 0.477344 0.500000 0.029687 0.058333
0 0.559766 0.498611 0.032031 0.061111
0 0.625391 0.494444 0.033594 0.055556
0 0.608984 0.619444 0.036719 0.072222
0 0.691016 0.702778 0.046094 0.080556
0 0.567969 0.720139 0.040625 0.081944
0 0.490625 0.601389 0.031250 0.066667
0 0.460547 0.711806 0.035156 0.076389
0 0.429297 0.641667 0.035156 0.072222
0 0.342969 0.625694 0.035937 0.070833
0 0.258984 0.598611 0.042969 0.075000
0 0.245703 0.731944 0.047656 0.072222
0 0.342187 0.772917 0.050000 0.084722