0 0.331250 0.827778 0.362500 0.818056 0.362500 0.872222 0.331250 0.880556
0 0.284375 0.768056 0.311719 0.780556 0.300000 0.826389 0.271875 0.818056
0 0.319531 0.680556 0.341406 0.655556 0.357031 0.680556 0.332031 0.713889
0 0.446094 0.722222 0.471875 0.740278 0.462500 0.783333 0.435156 0.768056
0 0.396875 0.693056 0.413281 0.719444 0.394531 0.751389 0.376563 0.722222
0 0.471094 0.613889 0.492969 0.631944 0.478125 0.666667 0.458594 0.645833
0 0.312500 0.562500 0.333594 0.541667 0.345313 0.566667 0.323438 0.590278
0 0.321094 0.462500 0.341406 0.466667 0.335938 0.493056 0.314063 0.493056
0 0.315625 0.391667 0.335938 0.394444 0.327344 0.418056 0.306250 0.413889
0 0.368750 0.370833 0.383594 0.384722 0.370313 0.405556 0.355469 0.393056
0 0.415625 0.468056 0.432813 0.487500 0.417969 0.508333 0.400000 0.491667
0 0.490625 0.512500 0.509375 0.530556 0.493750 0.555556 0.475781 0.534722
0 0.462500 0.437500 0.483594 0.434722 0.484375 0.463889 0.462500 0.463889
0 0.521875 0.768056 0.546875 0.750000 0.560938 0.793056 0.536719 0.813889
0 0.569531 0.644444 0.594531 0.658333 0.589063 0.697222 0.562500 0.681944
0 0.628906 0.738889 0.656250 0.754167 0.650000 0.795833 0.625000 0.780556
0 0.625000 0.659722 0.650000 0.668056 0.651563 0.708333 0.625000 0.701389
0 0.607813 0.563889 0.621094 0.541667 0.639844 0.566667 0.625000 0.586111
0 0.575000 0.327778 0.584375 0.313889 0.597656 0.327778 0.589844 0.343056
0 0.606250 0.418056 0.625000 0.433333 0.613281 0.455556 0.596875 0.438889
0 0.557813 0.404167 0.577344 0.409722 0.574219 0.433333 0.555469 0.427778
0 0.553125 0.501389 0.569531 0.487500 0.583594 0.509722 0.566406 0.522222
0 0.536719 0.370833 0.554688 0.379167 0.550000 0.400000 0.531250 0.393056
0 0.555469 0.337500 0.571094 0.330556 0.578125 0.351389 0.562500 0.355556
0 0.481250 0.344444 0.499219 0.354167 0.492188 0.376389 0.474219 0.365278