0 0.523438 0.783333 0.553906 0.787500 0.553125 0.836111 0.523438 0.831944
0 0.570312 0.723611 0.593750 0.706944 0.608594 0.748611 0.584375 0.763889
0 0.482812 0.729167 0.507031 0.709722 0.520312 0.748611 0.495313 0.768056
0 0.435156 0.756944 0.459375 0.731944 0.474219 0.768056 0.450781 0.795833
0 0.643750 0.716667 0.671875 0.722222 0.674219 0.766667 0.646094 0.761111
0 0.565625 0.623611 0.591406 0.637500 0.585156 0.670833 0.559375 0.659722
0 0.273438 0.709722 0.299219 0.681944 0.310937 0.715278 0.286719 0.743056
0 0.242969 0.590278 0.263281 0.602778 0.245312 0.638889 0.225781 0.622222
0 0.393750 0.643056 0.414062 0.665278 0.398438 0.698611 0.377344 0.676389
0 0.469531 0.601389 0.489062 0.631944 0.471094 0.658333 0.453125 0.630556
0 0.465625 0.550000 0.488281 0.559722 0.480469 0.591667 0.457031 0.583333
0 0.325000 0.508333 0.340625 0.527778 0.324219 0.551389 0.307813 0.533333
0 0.364062 0.520833 0.385156 0.504167 0.393750 0.533333 0.371875 0.548611
0 0.607813 0.548611 0.629687 0.543056 0.637500 0.575000 0.615625 0.580556
0 0.576563 0.477778 0.595312 0.490278 0.587500 0.513889 0.567187 0.500000
0 0.576563 0.431944 0.596094 0.429167 0.601562 0.455556 0.581250 0.456944
0 0.577344 0.340278 0.596094 0.345833 0.591406 0.368056 0.573438 0.359722
0 0.500781 0.320833 0.517969 0.325000 0.514063 0.344444 0.496875 0.340278
0 0.522656 0.411111 0.541406 0.427778 0.529688 0.447222 0.510938 0.434722
0 0.447656 0.362500 0.466406 0.372222 0.457812 0.394444 0.439063 0.384722
0 0.440625 0.479167 0.460156 0.472222 0.468750 0.495833 0.446875 0.505556
0 0.324219 0.401389 0.343750 0.402778 0.342187 0.429167 0.321875 0.430556
0 0.356250 0.344444 0.375000 0.334722 0.381250 0.358333 0.361719 0.366667
0 0.391406 0.356944 0.410156 0.350000 0.415625 0.373611 0.395312 0.380556
0 0.418750 0.302778 0.436719 0.305556 0.433594 0.325000 0.415625 0.322222