0 0.582771 0.378515 0.562476 0.368676 0.568011 0.332597 0.588306 0.342436
0 0.525685 0.459358 0.503330 0.455384 0.505565 0.415642 0.527920 0.419616
0 0.502734 0.394445 0.480078 0.394445 0.480078 0.354167 0.502734 0.354167
0 0.448828 0.374306 0.427734 0.374306 0.427734 0.336806 0.448828 0.336806
0 0.430378 0.445726 0.425450 0.401923 0.450090 0.393162 0.455018 0.436965
0 0.352563 0.358368 0.349981 0.317057 0.373219 0.312466 0.375801 0.353777
0 0.294531 0.370139 0.287109 0.330556 0.309375 0.317361 0.316797 0.356944
0 0.281719 0.473194 0.267813 0.423750 0.295625 0.399028 0.309531 0.448472
0 0.353125 0.473611 0.323828 0.456250 0.333593 0.404167 0.362890 0.421528
0 0.358125 0.556528 0.328750 0.530417 0.343437 0.478194 0.372812 0.504305
0 0.404688 0.568750 0.390625 0.518750 0.418750 0.493750 0.432813 0.543750
0 0.467611 0.532136 0.459268 0.482696 0.487077 0.467864 0.495420 0.517304
0 0.559766 0.537500 0.537891 0.498611 0.559766 0.459722 0.581641 0.498611
0 0.635313 0.529722 0.605547 0.512083 0.615469 0.459166 0.645235 0.476805
0 0.614807 0.657403 0.587632 0.629797 0.603161 0.581485 0.630336 0.609091
0 0.691016 0.744445 0.667579 0.702778 0.691016 0.661111 0.714454 0.702778
0 0.567969 0.764583 0.542969 0.720139 0.567969 0.675695 0.592969 0.720139
0 0.500896 0.634864 0.471795 0.619648 0.480354 0.567914 0.509455 0.583130
0 0.472031 0.752639 0.437578 0.732223 0.449063 0.670973 0.483516 0.691389
0 0.446485 0.672223 0.412110 0.672223 0.412110 0.611111 0.446485 0.611111
0 0.326937 0.659377 0.324022 0.597193 0.359001 0.592011 0.361916 0.654195
0 0.254296 0.640278 0.235546 0.590278 0.263671 0.556944 0.282421 0.606944
0 0.266015 0.768055 0.225391 0.768055 0.225391 0.695833 0.266015 0.695833
0 0.351484 0.822500 0.314296 0.789445 0.332890 0.723334 0.370078 0.756389