0 0.294141 0.429167 0.030469 0.058333
0 0.332031 0.442361 0.026562 0.051389
0 0.330469 0.497222 0.035937 0.061111
0 0.362109 0.479167 0.027344 0.052778
0 0.371484 0.406944 0.025781 0.050000
0 0.409766 0.405556 0.027344 0.050000
0 0.412500 0.365972 0.026562 0.043056
0 0.441016 0.444444 0.027344 0.055556
0 0.453516 0.398611 0.024219 0.050000
0 0.483203 0.415278 0.025781 0.052778
0 0.539062 0.426389 0.021875 0.052778
0 0.553516 0.490972 0.025781 0.056944
0 0.620703 0.540972 0.033594 0.059722
0 0.596875 0.605556 0.035937 0.069444
0 0.532422 0.541667 0.033594 0.063889
0 0.489844 0.500694 0.031250 0.059722
0 0.442969 0.498611 0.028125 0.058333
0 0.423438 0.591667 0.029687 0.063889
0 0.503906 0.667361 0.035937 0.073611
0 0.528516 0.640972 0.030469 0.070833
0 0.420312 0.713889 0.032813 0.069444
0 0.360156 0.677083 0.042188 0.079167
0 0.344922 0.567361 0.036719 0.062500
0 0.282422 0.583333 0.041406 0.072222