0 0.264844 0.605556 0.289844 0.605556 0.284375 0.643056 0.258594 0.641667
0 0.321875 0.604167 0.346875 0.602778 0.343750 0.638889 0.318750 0.640278
0 0.369531 0.598611 0.395312 0.598611 0.393750 0.634722 0.367188 0.637500
0 0.336719 0.533333 0.358594 0.534722 0.355469 0.565278 0.331250 0.565278
0 0.291406 0.534722 0.313281 0.536111 0.309375 0.568056 0.283594 0.569444
0 0.293750 0.473611 0.315625 0.475000 0.312500 0.502778 0.289844 0.504167
0 0.335156 0.473611 0.357812 0.472222 0.355469 0.500000 0.332812 0.498611
0 0.384375 0.468056 0.407031 0.468056 0.404687 0.497222 0.382812 0.498611
0 0.382812 0.531944 0.406250 0.530556 0.403906 0.562500 0.381250 0.562500
0 0.431250 0.594444 0.455469 0.594444 0.454688 0.629167 0.430469 0.630556
0 0.417969 0.526389 0.442187 0.526389 0.442187 0.559722 0.418750 0.561111
0 0.303906 0.422222 0.324219 0.422222 0.320312 0.448611 0.299219 0.447222
0 0.345313 0.418056 0.366406 0.416667 0.364062 0.444444 0.342969 0.444444
0 0.306250 0.370833 0.327344 0.370833 0.322656 0.395833 0.302344 0.397222
0 0.353125 0.368056 0.374219 0.370833 0.371875 0.394444 0.350781 0.393056
0 0.389844 0.368056 0.409375 0.368056 0.408594 0.391667 0.387500 0.391667
0 0.418750 0.413889 0.440625 0.415278 0.440625 0.440278 0.417969 0.440278
0 0.421875 0.366667 0.442187 0.368056 0.440625 0.391667 0.421094 0.391667
0 0.468750 0.366667 0.488281 0.363889 0.489062 0.388889 0.468750 0.390278
0 0.480469 0.733333 0.503125 0.706944 0.520312 0.745833 0.496875 0.770833
0 0.524219 0.783333 0.553125 0.784722 0.553125 0.831944 0.522656 0.830556
0 0.570312 0.720833 0.594531 0.705556 0.608594 0.745833 0.583594 0.763889
0 0.644531 0.718056 0.671875 0.722222 0.673437 0.765278 0.645312 0.759722
0 0.565625 0.625000 0.590625 0.637500 0.584375 0.675000 0.560156 0.656944
0 0.607813 0.379167 0.619531 0.362500 0.635156 0.380556 0.623438 0.395833