0 0.521094 0.755556 0.034375 0.077778
0 0.594531 0.733333 0.042188 0.077778
0 0.613672 0.628472 0.036719 0.068056
0 0.553906 0.616667 0.029687 0.066667
0 0.614453 0.536111 0.028906 0.061111
0 0.558203 0.531250 0.028906 0.056944
0 0.546484 0.443750 0.027344 0.056944
0 0.469531 0.411806 0.028125 0.054167
0 0.503516 0.336806 0.027344 0.051389
0 0.430469 0.325000 0.025000 0.047222
0 0.416016 0.399306 0.028906 0.056944
0 0.446875 0.475000 0.031250 0.061111
0 0.477734 0.616667 0.035156 0.069444
0 0.444922 0.760417 0.039844 0.081944
0 0.446094 0.890278 0.042188 0.091667
0 0.313281 0.885417 0.050000 0.095833
0 0.235937 0.816667 0.057813 0.091667
0 0.386328 0.619444 0.038281 0.066667
0 0.298828 0.628472 0.038281 0.079167
0 0.244922 0.618750 0.038281 0.073611
0 0.303125 0.495139 0.032813 0.056944
0 0.377734 0.500000 0.033594 0.063889
0 0.356641 0.424306 0.025781 0.054167
0 0.307031 0.400000 0.029687 0.052778