0 0.503516 0.336806 0.027344 0.051389
0 0.430469 0.324306 0.025000 0.048611
0 0.416016 0.400000 0.028906 0.055556
0 0.469531 0.411806 0.028125 0.054167
0 0.446875 0.474306 0.031250 0.059722
0 0.546875 0.443056 0.026562 0.055556
0 0.558203 0.531250 0.028906 0.056944
0 0.614062 0.536111 0.029687 0.061111
0 0.613672 0.627778 0.038281 0.069444
0 0.594531 0.732639 0.042188 0.079167
0 0.553906 0.616667 0.029687 0.066667
0 0.520703 0.755556 0.035156 0.080556
0 0.477734 0.617361 0.035156 0.070833
0 0.444141 0.759722 0.039844 0.083333
0 0.445703 0.890278 0.042969 0.091667
0 0.385547 0.619444 0.036719 0.066667
0 0.377344 0.500000 0.032813 0.063889
0 0.356641 0.424306 0.025781 0.054167
0 0.306250 0.400000 0.028125 0.052778
0 0.303125 0.495139 0.032813 0.056944
0 0.298828 0.629167 0.038281 0.077778
0 0.244531 0.618056 0.037500 0.072222
0 0.235937 0.815972 0.056250 0.090278
0 0.312891 0.884722 0.049219 0.094444