0 0.214844 0.658333 0.242188 0.641667 0.245312 0.677778 0.218750 0.695833
0 0.292969 0.604167 0.310937 0.627778 0.291406 0.658333 0.274219 0.636111
0 0.305469 0.813889 0.327344 0.841667 0.306250 0.887500 0.283594 0.856944
0 0.359375 0.808333 0.385156 0.776389 0.400000 0.815278 0.375000 0.848611
0 0.446875 0.831944 0.469531 0.800000 0.489844 0.837500 0.466406 0.872222
0 0.402344 0.640278 0.420312 0.666667 0.402344 0.697222 0.383594 0.672222
0 0.541406 0.779167 0.570312 0.781944 0.570312 0.831944 0.540625 0.826389
0 0.603906 0.726389 0.631250 0.740278 0.628125 0.783333 0.598437 0.775000
0 0.645312 0.718056 0.671875 0.722222 0.674219 0.768056 0.645312 0.761111
0 0.515625 0.613889 0.535937 0.634722 0.521875 0.666667 0.501562 0.640278
0 0.570312 0.609722 0.591406 0.594444 0.604688 0.627778 0.584375 0.644444
0 0.632031 0.495833 0.653906 0.508333 0.649219 0.536111 0.627344 0.525000
0 0.613281 0.404167 0.632812 0.412500 0.628125 0.436111 0.609375 0.426389
0 0.534375 0.538889 0.554688 0.526389 0.563281 0.556944 0.542969 0.565278
0 0.512500 0.455556 0.532031 0.447222 0.540625 0.475000 0.521875 0.481944
0 0.457031 0.433333 0.475781 0.425000 0.484375 0.450000 0.464063 0.456944
0 0.470313 0.354167 0.486719 0.368056 0.476562 0.387500 0.459375 0.373611
0 0.467187 0.291667 0.485156 0.290278 0.488281 0.311111 0.470313 0.313889
0 0.453125 0.554167 0.478125 0.554167 0.480469 0.580556 0.456250 0.586111
0 0.372656 0.570833 0.395312 0.559722 0.402344 0.593056 0.378125 0.604167
0 0.311719 0.506944 0.334375 0.506944 0.328906 0.538889 0.306250 0.534722
0 0.379687 0.462500 0.401563 0.454167 0.406250 0.477778 0.384375 0.487500
0 0.332031 0.415278 0.348437 0.425000 0.336719 0.451389 0.318750 0.441667
0 0.371094 0.390278 0.389062 0.376389 0.400000 0.397222 0.382031 0.411111
0 0.337500 0.313889 0.353906 0.302778 0.362500 0.319444 0.345313 0.331944