0 0.318750 0.465278 0.341406 0.468056 0.335938 0.493056 0.314063 0.493056
0 0.315625 0.390278 0.334375 0.395833 0.327344 0.419444 0.306250 0.416667
0 0.368750 0.370833 0.383594 0.384722 0.370313 0.405556 0.354688 0.393056
0 0.415625 0.468056 0.432813 0.487500 0.417969 0.509722 0.400000 0.493056
0 0.462500 0.437500 0.484375 0.433333 0.485938 0.463889 0.462500 0.465278
0 0.284375 0.768056 0.312500 0.777778 0.300000 0.825000 0.271875 0.818056
0 0.332031 0.827778 0.362500 0.816667 0.361719 0.870833 0.330469 0.880556
0 0.396875 0.691667 0.414844 0.719444 0.396094 0.752778 0.378125 0.725000
0 0.341406 0.651389 0.358594 0.677778 0.334375 0.709722 0.319531 0.680556
0 0.446094 0.726389 0.472656 0.741667 0.462500 0.781944 0.435156 0.769444
0 0.521875 0.768056 0.546094 0.751389 0.561719 0.791667 0.534375 0.812500
0 0.628906 0.737500 0.656250 0.754167 0.650000 0.797222 0.621875 0.780556
0 0.625000 0.659722 0.650000 0.668056 0.651563 0.708333 0.624219 0.702778
0 0.571094 0.644444 0.596094 0.659722 0.589063 0.695833 0.562500 0.680556
0 0.606250 0.562500 0.621875 0.540278 0.639844 0.566667 0.625000 0.586111
0 0.553125 0.504167 0.568750 0.487500 0.583594 0.509722 0.565625 0.529167
0 0.312500 0.559722 0.332031 0.541667 0.345313 0.568056 0.323438 0.588889
0 0.471875 0.612500 0.493750 0.631944 0.479688 0.666667 0.457031 0.645833
0 0.489844 0.508333 0.508594 0.529167 0.495313 0.555556 0.475781 0.533333
0 0.481250 0.343056 0.499219 0.354167 0.493750 0.375000 0.474219 0.366667
0 0.534375 0.370833 0.554688 0.379167 0.550000 0.400000 0.531250 0.393056
0 0.554688 0.337500 0.571875 0.331944 0.578125 0.351389 0.560938 0.355556
0 0.584375 0.312500 0.599219 0.323611 0.589844 0.340278 0.575000 0.327778
0 0.556250 0.404167 0.577344 0.408333 0.574219 0.431944 0.554688 0.426389
0 0.606250 0.418056 0.625000 0.433333 0.614844 0.455556 0.596875 0.437500