5 0.394531 0.600000 0.415625 0.618056 0.401563 0.651389 0.381250 0.633333
16 0.475000 0.720833 0.502344 0.716667 0.506250 0.758333 0.478125 0.768056
12 0.537500 0.668056 0.559375 0.655556 0.571875 0.693056 0.549219 0.705556
15 0.623438 0.593056 0.646094 0.584722 0.654688 0.620833 0.631250 0.626389
10 0.568750 0.559722 0.587500 0.543056 0.600781 0.572222 0.584375 0.590278
3 0.506250 0.563889 0.528125 0.576389 0.518750 0.608333 0.496875 0.594444
9 0.321875 0.588889 0.337500 0.609722 0.317969 0.638889 0.302344 0.616667
0 0.258594 0.580556 0.283594 0.581944 0.276563 0.618056 0.250000 0.618056
16 0.237500 0.531944 0.262500 0.526389 0.261719 0.555556 0.237500 0.563889
10 0.286719 0.405556 0.300000 0.418056 0.285156 0.438889 0.271094 0.426389
4 0.316406 0.358333 0.331250 0.368056 0.321875 0.391667 0.304688 0.380556
3 0.290625 0.320833 0.306250 0.330556 0.296094 0.350000 0.281250 0.343056
2 0.372656 0.309722 0.390625 0.318056 0.382031 0.334722 0.365625 0.330556
3 0.387500 0.409722 0.407813 0.418056 0.396875 0.441667 0.378125 0.431944
1 0.406250 0.337500 0.425000 0.341667 0.418750 0.362500 0.401563 0.359722
15 0.425000 0.400000 0.443750 0.395833 0.448438 0.418056 0.429688 0.426389
2 0.450000 0.415278 0.468750 0.422222 0.464844 0.445833 0.443750 0.440278
0 0.461719 0.322222 0.478125 0.322222 0.480469 0.341667 0.459375 0.341667
12 0.500000 0.387500 0.516406 0.372222 0.528125 0.393056 0.511719 0.405556
0 0.400000 0.530556 0.423438 0.529167 0.425000 0.565278 0.399219 0.565278
7 0.487500 0.475000 0.503906 0.493056 0.489844 0.518056 0.472656 0.495833
0 0.540625 0.452778 0.562500 0.455556 0.561719 0.483333 0.540625 0.480556
3 0.606250 0.470833 0.625781 0.481944 0.621875 0.508333 0.600000 0.497222
0 0.542188 0.369444 0.560938 0.370833 0.563281 0.393056 0.546094 0.393056
13 0.521875 0.301389 0.535156 0.290278 0.547656 0.305556 0.532031 0.318056
