16 0.475000 0.719444 0.500000 0.715278 0.506250 0.759722 0.477344 0.766667
0 0.409375 0.630556 0.436719 0.631944 0.434375 0.672222 0.408594 0.672222
2 0.340625 0.622222 0.365625 0.633333 0.354688 0.663889 0.331250 0.659722
8 0.300781 0.558333 0.319531 0.576389 0.304688 0.606944 0.285156 0.588889
4 0.389844 0.502778 0.409375 0.516667 0.398438 0.543056 0.378125 0.529167
2 0.339844 0.444444 0.360938 0.450000 0.353125 0.477778 0.332031 0.470833
10 0.276563 0.405556 0.289844 0.418056 0.275000 0.438889 0.260938 0.422222
3 0.302344 0.337500 0.316406 0.343056 0.306250 0.365278 0.289844 0.355556
10 0.292188 0.319444 0.300781 0.333333 0.286719 0.351389 0.276563 0.334722
0 0.311719 0.306944 0.329688 0.306944 0.325000 0.329167 0.306250 0.329167
0 0.364844 0.315278 0.384375 0.315278 0.380469 0.334722 0.361719 0.334722
3 0.377344 0.405556 0.396875 0.415278 0.387500 0.440278 0.368750 0.430556
15 0.414844 0.401389 0.434375 0.394444 0.437500 0.418056 0.418750 0.422222
13 0.418750 0.341667 0.434375 0.329167 0.443750 0.350000 0.428125 0.359722
6 0.470313 0.287500 0.483594 0.301389 0.471875 0.318056 0.459375 0.302778
12 0.497656 0.351389 0.514063 0.337500 0.527344 0.352778 0.510938 0.368056
7 0.523438 0.301389 0.535156 0.288889 0.546875 0.304167 0.533594 0.315278
9 0.528125 0.345833 0.542969 0.337500 0.554688 0.355556 0.539844 0.366667
15 0.534375 0.387500 0.552344 0.380556 0.559375 0.401389 0.540625 0.405556
10 0.465625 0.497222 0.482031 0.476389 0.496875 0.500000 0.481250 0.519444
15 0.481250 0.547222 0.503125 0.540278 0.511719 0.570833 0.488281 0.580556
10 0.540625 0.475000 0.559375 0.462500 0.571094 0.491667 0.553125 0.504167
3 0.576563 0.613889 0.600000 0.627778 0.592969 0.663889 0.568750 0.647222
10 0.625000 0.588889 0.644531 0.576389 0.659375 0.606944 0.639063 0.622222
9 0.602344 0.455556 0.617969 0.443056 0.631250 0.466667 0.615625 0.477778
