12 0.428125 0.827778 0.454688 0.805556 0.467969 0.852778 0.440625 0.876389
0 0.536719 0.691667 0.564062 0.693056 0.564844 0.734722 0.538281 0.734722
14 0.595312 0.769444 0.621875 0.763889 0.629687 0.812500 0.602344 0.815278
5 0.595312 0.622222 0.618750 0.643056 0.609375 0.675000 0.585156 0.652778
1 0.607813 0.565278 0.632031 0.569444 0.630469 0.605556 0.607031 0.598611
5 0.603125 0.488889 0.623438 0.505556 0.614844 0.530556 0.593750 0.512500
7 0.535937 0.500000 0.551562 0.480556 0.567969 0.504167 0.552344 0.522222
6 0.516406 0.544444 0.535937 0.565278 0.522656 0.591667 0.501562 0.570833
4 0.347656 0.716667 0.374219 0.726389 0.363281 0.772222 0.337500 0.761111
4 0.361719 0.650000 0.385938 0.666667 0.373437 0.700000 0.350000 0.688889
1 0.310156 0.609722 0.334375 0.615278 0.325000 0.650000 0.300000 0.647222
2 0.442969 0.629167 0.467969 0.638889 0.460156 0.675000 0.435156 0.666667
2 0.340625 0.534722 0.364844 0.541667 0.353906 0.575000 0.331250 0.565278
5 0.452344 0.526389 0.471875 0.545833 0.458594 0.575000 0.438281 0.555556
13 0.451562 0.477778 0.470313 0.462500 0.482031 0.490278 0.464063 0.504167
12 0.271875 0.473611 0.292188 0.455556 0.302344 0.479167 0.281250 0.495833
14 0.321094 0.431944 0.342187 0.420833 0.346875 0.445833 0.325781 0.456944
14 0.342969 0.472222 0.364844 0.458333 0.371094 0.486111 0.350000 0.498611
12 0.362500 0.383333 0.380469 0.369444 0.389844 0.388889 0.371875 0.404167
10 0.311719 0.309722 0.325000 0.323611 0.312500 0.340278 0.298438 0.327778
1 0.423438 0.409722 0.442187 0.412500 0.438281 0.438889 0.417969 0.434722
0 0.539844 0.404167 0.560938 0.406944 0.560156 0.431944 0.538281 0.430556
17 0.517187 0.338889 0.535937 0.338889 0.539062 0.361111 0.520312 0.362500
4 0.470313 0.354167 0.487500 0.366667 0.476562 0.386111 0.460156 0.373611
11 0.426562 0.333333 0.440625 0.318056 0.453125 0.334722 0.439844 0.348611
