6 0.325000 0.665278 0.346875 0.680556 0.333594 0.718056 0.309375 0.705556
0 0.403125 0.601389 0.428125 0.604167 0.425000 0.641667 0.400000 0.638889
14 0.446875 0.651389 0.471094 0.638889 0.478125 0.675000 0.453125 0.688889
6 0.477344 0.543056 0.496875 0.563889 0.483594 0.584722 0.462500 0.568056
15 0.537500 0.591667 0.560938 0.583333 0.565625 0.620833 0.540625 0.626389
0 0.542188 0.475000 0.562500 0.476389 0.562500 0.504167 0.540625 0.504167
14 0.417188 0.505556 0.437500 0.493056 0.446875 0.519444 0.425000 0.531944
3 0.359375 0.480556 0.381250 0.491667 0.371875 0.518056 0.350000 0.508333
16 0.290625 0.456944 0.312500 0.445833 0.315625 0.475000 0.292969 0.481944
17 0.260938 0.538889 0.284375 0.533333 0.282813 0.568056 0.256250 0.569444
0 0.374219 0.393056 0.393750 0.393056 0.393750 0.418056 0.374219 0.418056
3 0.336719 0.343056 0.354688 0.352778 0.346875 0.369444 0.329688 0.366667
13 0.284375 0.341667 0.303125 0.327778 0.312500 0.343056 0.296875 0.355556
3 0.609375 0.531944 0.632031 0.545833 0.627344 0.576389 0.604688 0.565278
17 0.627344 0.491667 0.649219 0.490278 0.653125 0.520833 0.631250 0.520833
1 0.484375 0.433333 0.503125 0.437500 0.502344 0.463889 0.481250 0.458333
1 0.521875 0.416667 0.540625 0.422222 0.538281 0.445833 0.517969 0.441667
15 0.593750 0.413889 0.611719 0.406944 0.620313 0.430556 0.600781 0.434722
13 0.430469 0.394444 0.446875 0.383333 0.455469 0.406944 0.437500 0.418056
3 0.403906 0.333333 0.421094 0.343056 0.411719 0.363889 0.394531 0.355556
10 0.484375 0.319444 0.496875 0.337500 0.482031 0.352778 0.471094 0.337500
17 0.496875 0.293056 0.515625 0.290278 0.518750 0.308333 0.500781 0.309722
16 0.448438 0.294444 0.465625 0.293056 0.468750 0.312500 0.452344 0.315278
14 0.367969 0.280556 0.384375 0.270833 0.390625 0.290278 0.374219 0.297222
14 0.536719 0.354167 0.552344 0.344444 0.562500 0.362500 0.546094 0.370833
